{
  "aabb_scale": 32,
  "frames": [
    {
      "file_path": "./images/IMG_2564_noback.png",
      "transform_matrix": [
        [
          -0.8023093275434504,
          0.5439327582540654,
          -0.24583916985480658,
          1.3042096580424893
        ],
        [
          -0.17673235457867736,
          0.17692290010529643,
          0.9682272265658551,
          -4.51295343685171
        ],
        [
          0.5701450848528405,
          0.8202654703914187,
          -0.04581637591180182,
          1.0420068514888468
        ],
        [
          0.0,
          0.0,
          0.0,
          1.0
        ]
      ],
      "model": "SIMPLE_RADIAL",
      "w": 768.0,
      "h": 1024.0,
      "fl_x": 818.1706666942977,
      "fl_y": 818.1706666942977,
      "cx": 384.0,
      "cy": 512.0,
      "k1": 0.0,
      "k2": 0.0,
      "p1": 0.0,
      "p2": 0.0,
      "camera_angle_x": 0.8776398881565581,
      "camera_angle_y": 1.1183290995462805
    },
    {
      "file_path": "./images/IMG_2566_noback.png",
      "transform_matrix": [
        [
          -0.768773750986933,
          -0.05586898770401756,
          0.637075800832529,
          -2.8857162382367427
        ],
        [
          0.6162294194782707,
          0.2016836741423508,
          0.7613047997707062,
          -3.3292698549638775
        ],
        [
          -0.17102111671648393,
          0.9778559974747661,
          -0.12062100082355542,
          1.1073607139928803
        ],
        [
          0.0,
          0.0,
          0.0,
          1.0
        ]
      ],
      "model": "SIMPLE_RADIAL",
      "w": 768.0,
      "h": 1024.0,
      "fl_x": 860.6463703535821,
      "fl_y": 860.6463703535821,
      "cx": 384.0,
      "cy": 512.0,
      "k1": 0.0,
      "k2": 0.0,
      "p1": 0.0,
      "p2": 0.0,
      "camera_angle_x": 0.8393391511309554,
      "camera_angle_y": 1.0733246533173668
    },
    {
      "file_path": "./images/IMG_2567_noback.png",
      "transform_matrix": [
        [
          -0.15220977560182045,
          -0.3885140952047262,
          0.9087843429760968,
          -3.3506323788156838
        ],
        [
          0.7870120466208703,
          0.5085736942849205,
          0.3492346431198044,
          -1.1547865500496792
        ],
        [
          -0.597866392001484,
          0.7683811523642684,
          0.22835538532403074,
          -0.09433407494933052
        ],
        [
          0.0,
          0.0,
          0.0,
          1.0
        ]
      ],
      "model": "SIMPLE_RADIAL",
      "w": 768.0,
      "h": 1024.0,
      "fl_x": 790.5312553323132,
      "fl_y": 790.5312553323132,
      "cx": 384.0,
      "cy": 512.0,
      "k1": 0.0,
      "k2": 0.0,
      "p1": 0.0,
      "p2": 0.0,
      "camera_angle_x": 0.9043643769593424,
      "camera_angle_y": 1.149465009040473
    },
    {
      "file_path": "./images/IMG_2568_noback.png",
      "transform_matrix": [
        [
          0.25210032670923177,
          -0.10805704874734984,
          0.9616491561318562,
          -4.531096874114725
        ],
        [
          0.6185772317359379,
          0.7822060701172671,
          -0.07426891846260278,
          0.6629710781003351
        ],
        [
          -0.744182527106759,
          0.613577491510008,
          0.2640360359141984,
          -0.24088916419316664
        ],
        [
          0.0,
          0.0,
          0.0,
          1.0
        ]
      ],
      "model": "SIMPLE_RADIAL",
      "w": 768.0,
      "h": 1024.0,
      "fl_x": 1084.162570712836,
      "fl_y": 1084.162570712836,
      "cx": 384.0,
      "cy": 512.0,
      "k1": 0.0,
      "k2": 0.0,
      "p1": 0.0,
      "p2": 0.0,
      "camera_angle_x": 0.6808060949464189,
      "camera_angle_y": 0.8824107604570846
    },
    {
      "file_path": "./images/IMG_2569_noback.png",
      "transform_matrix": [
        [
          0.7328769326961392,
          -0.3970130523789335,
          0.5525142873832862,
          -1.8619886242236212
        ],
        [
          0.24183020119360163,
          0.9110665333196225,
          0.3338801067084223,
          -1.077508916502489
        ],
        [
          -0.6359320367087671,
          -0.11107838721248867,
          0.7637093927546731,
          -1.766856383529465
        ],
        [
          0.0,
          0.0,
          0.0,
          1.0
        ]
      ],
      "model": "SIMPLE_RADIAL",
      "w": 768.0,
      "h": 1024.0,
      "fl_x": 821.9429596678003,
      "fl_y": 821.9429596678003,
      "cx": 384.0,
      "cy": 512.0,
      "k1": 0.0,
      "k2": 0.0,
      "p1": 0.0,
      "p2": 0.0,
      "camera_angle_x": 0.8741065831160288,
      "camera_angle_y": 1.114196119064377
    },
    {
      "file_path": "./images/IMG_2571_noback.png",
      "transform_matrix": [
        [
          0.719174084383893,
          0.6378596175603605,
          -0.2755426366941052,
          1.0612451853872962
        ],
        [
          -0.6223944503666564,
          0.7676755208663564,
          0.1526415500948423,
          -0.3085672761415815
        ],
        [
          0.30889121791235313,
          0.06172036088941062,
          0.9490926259055563,
          -2.651080635053322
        ],
        [
          0.0,
          0.0,
          0.0,
          1.0
        ]
      ],
      "model": "SIMPLE_RADIAL",
      "w": 768.0,
      "h": 1024.0,
      "fl_x": 863.9115489990994,
      "fl_y": 863.9115489990994,
      "cx": 384.0,
      "cy": 512.0,
      "k1": 0.0,
      "k2": 0.0,
      "p1": 0.0,
      "p2": 0.0,
      "camera_angle_x": 0.8365246544874563,
      "camera_angle_y": 1.0699999523468318
    },
    {
      "file_path": "./images/IMG_2572_noback.png",
      "transform_matrix": [
        [
          0.9162471235322852,
          0.396148947458431,
          0.05964243494685857,
          -0.1935421087753412
        ],
        [
          -0.38688167492563,
          0.913624789779332,
          -0.12494924212419395,
          0.6311466289971269
        ],
        [
          -0.10398931784347923,
          0.0914098185549482,
          0.9903688539358451,
          -2.51489389966503
        ],
        [
          0.0,
          0.0,
          0.0,
          1.0
        ]
      ],
      "model": "SIMPLE_RADIAL",
      "w": 768.0,
      "h": 1024.0,
      "fl_x": 711.0321512856909,
      "fl_y": 711.0321512856909,
      "cx": 384.0,
      "cy": 512.0,
      "k1": 0.0,
      "k2": 0.0,
      "p1": 0.0,
      "p2": 0.0,
      "camera_angle_x": 0.9903593811835187,
      "camera_angle_y": 1.2481514176894555
    },
    {
      "file_path": "./images/IMG_2573_noback.png",
      "transform_matrix": [
        [
          0.7905437490482228,
          0.5936183582833657,
          0.1505251658352917,
          -0.6563274182141016
        ],
        [
          -0.6042891063285729,
          0.7960202683586634,
          0.034444278694961854,
          0.11736184353724978
        ],
        [
          -0.09937432673178324,
          -0.11819042715534563,
          0.9880059544939199,
          -2.726237025566853
        ],
        [
          0.0,
          0.0,
          0.0,
          1.0
        ]
      ],
      "model": "SIMPLE_RADIAL",
      "w": 768.0,
      "h": 1024.0,
      "fl_x": 845.5760842034209,
      "fl_y": 845.5760842034209,
      "cx": 384.0,
      "cy": 512.0,
      "k1": 0.0,
      "k2": 0.0,
      "p1": 0.0,
      "p2": 0.0,
      "camera_angle_x": 0.852563371540116,
      "camera_angle_y": 1.0889139844881552
    },
    {
      "file_path": "./images/IMG_2576_noback.png",
      "transform_matrix": [
        [
          -0.30360773818370324,
          0.7765521585942526,
          -0.5520770655421057,
          2.075709839412521
        ],
        [
          -0.5590671998015228,
          0.3240028524909543,
          0.7631946132434433,
          -2.494943446884077
        ],
        [
          0.7715349683721795,
          0.5403599694280948,
          0.33577506759527026,
          -0.3341757510611262
        ],
        [
          0.0,
          0.0,
          0.0,
          1.0
        ]
      ],
      "model": "SIMPLE_RADIAL",
      "w": 768.0,
      "h": 1024.0,
      "fl_x": 714.1500443961816,
      "fl_y": 714.1500443961816,
      "cx": 384.0,
      "cy": 512.0,
      "k1": 0.0,
      "k2": 0.0,
      "p1": 0.0,
      "p2": 0.0,
      "camera_angle_x": 0.9867049331175665,
      "camera_angle_y": 1.244004641039055
    },
    {
      "file_path": "./images/IMG_2578_noback.png",
      "transform_matrix": [
        [
          -0.9006362882709562,
          0.4146991470844999,
          0.12991879639568452,
          -0.5869776593231959
        ],
        [
          0.09428873639154935,
          -0.10536249998742633,
          0.9899537250730889,
          -4.183660808589061
        ],
        [
          0.42422153462454015,
          0.9038381276554932,
          0.05579183235037361,
          0.5803593698696207
        ],
        [
          0.0,
          0.0,
          0.0,
          1.0
        ]
      ],
      "model": "SIMPLE_RADIAL",
      "w": 768.0,
      "h": 1024.0,
      "fl_x": 915.7849538083086,
      "fl_y": 915.7849538083086,
      "cx": 384.0,
      "cy": 512.0,
      "k1": 0.0,
      "k2": 0.0,
      "p1": 0.0,
      "p2": 0.0,
      "camera_angle_x": 0.794086730390509,
      "camera_angle_y": 1.0195802687191329
    },
    {
      "file_path": "./images/IMG_2581_noback.png",
      "transform_matrix": [
        [
          0.3342907717662552,
          -0.011009209000934678,
          0.9424056861188259,
          -3.671839201667376
        ],
        [
          0.6202687548187632,
          0.7554219871263147,
          -0.21119728492978102,
          1.0536782962405151
        ],
        [
          -0.7095888610367997,
          0.6551461048371606,
          0.2593592674442032,
          -0.05637514613820531
        ],
        [
          0.0,
          0.0,
          0.0,
          1.0
        ]
      ],
      "model": "SIMPLE_RADIAL",
      "w": 768.0,
      "h": 1024.0,
      "fl_x": 841.7376317384025,
      "fl_y": 841.7376317384025,
      "cx": 384.0,
      "cy": 512.0,
      "k1": 0.0,
      "k2": 0.0,
      "p1": 0.0,
      "p2": 0.0,
      "camera_angle_x": 0.8559943503576553,
      "camera_angle_y": 1.0929499032136627
    },
    {
      "file_path": "./images/IMG_2582_noback.png",
      "transform_matrix": [
        [
          0.18890871473633142,
          -0.4887466307497194,
          0.851727790099316,
          -3.0988912800472437
        ],
        [
          0.4803598004180019,
          0.8024814289305173,
          0.3539463495559923,
          -1.492432410204093
        ],
        [
          -0.8564858198703844,
          0.34227224128233463,
          0.38636996934094475,
          -0.6511553736353562
        ],
        [
          0.0,
          0.0,
          0.0,
          1.0
        ]
      ],
      "model": "SIMPLE_RADIAL",
      "w": 768.0,
      "h": 1024.0,
      "fl_x": 789.5863824616987,
      "fl_y": 789.5863824616987,
      "cx": 384.0,
      "cy": 512.0,
      "k1": 0.0,
      "k2": 0.0,
      "p1": 0.0,
      "p2": 0.0,
      "camera_angle_x": 0.9053047819621288,
      "camera_angle_y": 1.1505566367571327
    },
    {
      "file_path": "./images/IMG_2583_noback.png",
      "transform_matrix": [
        [
          0.6669744920459418,
          -0.6273714197903947,
          0.40193299017403644,
          -1.0996567163577051
        ],
        [
          0.5997703569715406,
          0.7721377611480523,
          0.20994950990060526,
          -0.7770872827920925
        ],
        [
          -0.44206396127516284,
          0.10103652527406974,
          0.8912749714326401,
          -2.361871403043376
        ],
        [
          0.0,
          0.0,
          0.0,
          1.0
        ]
      ],
      "model": "SIMPLE_RADIAL",
      "w": 768.0,
      "h": 1024.0,
      "fl_x": 744.9456233767929,
      "fl_y": 744.9456233767929,
      "cx": 384.0,
      "cy": 512.0,
      "k1": 0.0,
      "k2": 0.0,
      "p1": 0.0,
      "p2": 0.0,
      "camera_angle_x": 0.9518998620333169,
      "camera_angle_y": 1.2043009939800424
    },
    {
      "file_path": "./images/IMG_2584_noback.png",
      "transform_matrix": [
        [
          0.7474663107786541,
          -0.2917066839116956,
          0.596826042337456,
          -1.9603831592057266
        ],
        [
          0.4845881896875602,
          0.8539669991443538,
          -0.18951161122137206,
          0.7204221562505587
        ],
        [
          -0.45438794071396943,
          0.43086839630405643,
          0.7796691762536779,
          -1.9093258337999712
        ],
        [
          0.0,
          0.0,
          0.0,
          1.0
        ]
      ],
      "model": "SIMPLE_RADIAL",
      "w": 768.0,
      "h": 1024.0,
      "fl_x": 766.1918792241189,
      "fl_y": 766.1918792241189,
      "cx": 384.0,
      "cy": 512.0,
      "k1": 0.0,
      "k2": 0.0,
      "p1": 0.0,
      "p2": 0.0,
      "camera_angle_x": 0.9291822306955758,
      "camera_angle_y": 1.1781819762755563
    },
    {
      "file_path": "./images/IMG_2585_noback.png",
      "transform_matrix": [
        [
          0.6866084189679668,
          -0.14775454938254684,
          0.7118549516151935,
          -2.3736681750308346
        ],
        [
          0.43223886891764574,
          0.8702544731409625,
          -0.23627677028209987,
          0.9087047840149854
        ],
        [
          -0.5845839881480701,
          0.4699209988018267,
          0.6613893072056657,
          -1.3625265901822126
        ],
        [
          0.0,
          0.0,
          0.0,
          1.0
        ]
      ],
      "model": "SIMPLE_RADIAL",
      "w": 768.0,
      "h": 1024.0,
      "fl_x": 708.6334260137252,
      "fl_y": 708.6334260137252,
      "cx": 384.0,
      "cy": 512.0,
      "k1": 0.0,
      "k2": 0.0,
      "p1": 0.0,
      "p2": 0.0,
      "camera_angle_x": 0.9931878339311205,
      "camera_angle_y": 1.251358044401795
    },
    {
      "file_path": "./images/IMG_2586_noback.png",
      "transform_matrix": [
        [
          0.9836251582873949,
          0.15489473013308142,
          0.09213669497598245,
          -0.2989012875552887
        ],
        [
          -0.16323979781790515,
          0.98236069529838,
          0.09121530979639793,
          -0.3818316126353238
        ],
        [
          -0.0763826969441824,
          -0.10476204899620505,
          0.9915596788381674,
          -2.8278392266902657
        ],
        [
          0.0,
          0.0,
          0.0,
          1.0
        ]
      ],
      "model": "SIMPLE_RADIAL",
      "w": 768.0,
      "h": 1024.0,
      "fl_x": 843.9381608546828,
      "fl_y": 843.9381608546828,
      "cx": 384.0,
      "cy": 512.0,
      "k1": 0.0,
      "k2": 0.0,
      "p1": 0.0,
      "p2": 0.0,
      "camera_angle_x": 0.8540242574345762,
      "camera_angle_y": 1.0906328873559064
    },
    {
      "file_path": "./images/IMG_2587_noback.png",
      "transform_matrix": [
        [
          0.9721338067414657,
          0.2331444112556987,
          -0.0244856139514703,
          0.19539032099668718
        ],
        [
          -0.23426337444646378,
          0.9700408568432054,
          -0.06435376793829628,
          0.37234620853393474
        ],
        [
          0.008748324599756246,
          0.0682965559536777,
          0.9976267073718325,
          -2.78450123605704
        ],
        [
          0.0,
          0.0,
          0.0,
          1.0
        ]
      ],
      "model": "SIMPLE_RADIAL",
      "w": 768.0,
      "h": 1024.0,
      "fl_x": 798.199082662816,
      "fl_y": 798.199082662816,
      "cx": 384.0,
      "cy": 512.0,
      "k1": 0.0,
      "k2": 0.0,
      "p1": 0.0,
      "p2": 0.0,
      "camera_angle_x": 0.8967995906389956,
      "camera_angle_y": 1.14067382532538
    },
    {
      "file_path": "./images/IMG_2588_noback.png",
      "transform_matrix": [
        [
          0.6629533121620531,
          0.7093019239391579,
          -0.23954892316512785,
          0.835338135850832
        ],
        [
          -0.5888099910770721,
          0.6916077839461895,
          0.4183078622173616,
          -1.645416140376865
        ],
        [
          0.46238047136658084,
          -0.13626978344904642,
          0.8761477305897496,
          -2.5618835859416382
        ],
        [
          0.0,
          0.0,
          0.0,
          1.0
        ]
      ],
      "model": "SIMPLE_RADIAL",
      "w": 768.0,
      "h": 1024.0,
      "fl_x": 843.7402209146564,
      "fl_y": 843.7402209146564,
      "cx": 384.0,
      "cy": 512.0,
      "k1": 0.0,
      "k2": 0.0,
      "p1": 0.0,
      "p2": 0.0,
      "camera_angle_x": 0.8542011210010816,
      "camera_angle_y": 1.0908409439302784
    },
    {
      "file_path": "./images/IMG_2589_noback.png",
      "transform_matrix": [
        [
          0.49240312840391226,
          0.7292408532723993,
          -0.4751283374590313,
          1.619288672338658
        ],
        [
          -0.5678771929974814,
          0.682871576016611,
          0.4595670836144502,
          -1.6960069888614129
        ],
        [
          0.6595867288017108,
          0.043522276906577125,
          0.7503673491041074,
          -1.9429520365826025
        ],
        [
          0.0,
          0.0,
          0.0,
          1.0
        ]
      ],
      "model": "SIMPLE_RADIAL",
      "w": 768.0,
      "h": 1024.0,
      "fl_x": 835.0433168997829,
      "fl_y": 835.0433168997829,
      "cx": 384.0,
      "cy": 512.0,
      "k1": 0.0,
      "k2": 0.0,
      "p1": 0.0,
      "p2": 0.0,
      "camera_angle_x": 0.8620403997908967,
      "camera_angle_y": 1.1000532468819255
    },
    {
      "file_path": "./images/IMG_2590_noback.png",
      "transform_matrix": [
        [
          0.3592212003811564,
          0.6645467027020442,
          -0.655238742081512,
          2.485558214438299
        ],
        [
          -0.636716382201174,
          0.6878328929544764,
          0.34853717162811265,
          -1.233467519702589
        ],
        [
          0.682313987716337,
          0.29199930016648473,
          0.6702119298169149,
          -1.6238673972257824
        ],
        [
          0.0,
          0.0,
          0.0,
          1.0
        ]
      ],
      "model": "SIMPLE_RADIAL",
      "w": 768.0,
      "h": 1024.0,
      "fl_x": 838.0839098751796,
      "fl_y": 838.0839098751796,
      "cx": 384.0,
      "cy": 512.0,
      "k1": 0.0,
      "k2": 0.0,
      "p1": 0.0,
      "p2": 0.0,
      "camera_angle_x": 0.8592843571126727,
      "camera_angle_y": 1.0968166273078719
    },
    {
      "file_path": "./images/IMG_2591_noback.png",
      "transform_matrix": [
        [
          0.6598320315968998,
          0.6524128098783981,
          -0.37279916253296574,
          1.461670104810136
        ],
        [
          -0.5345192976774384,
          0.7562304624375704,
          0.37736535094239404,
          -1.4711476322777743
        ],
        [
          0.5281200720377188,
          -0.04972939963473881,
          0.8477123193176108,
          -2.581451081613844
        ],
        [
          0.0,
          0.0,
          0.0,
          1.0
        ]
      ],
      "model": "SIMPLE_RADIAL",
      "w": 768.0,
      "h": 1024.0,
      "fl_x": 880.5122796956359,
      "fl_y": 880.5122796956359,
      "cx": 384.0,
      "cy": 512.0,
      "k1": 0.0,
      "k2": 0.0,
      "p1": 0.0,
      "p2": 0.0,
      "camera_angle_x": 0.8224859142404229,
      "camera_angle_y": 1.0533805941816405
    },
    {
      "file_path": "./images/IMG_2592_noback.png",
      "transform_matrix": [
        [
          0.09672776557741718,
          0.9569003319186389,
          -0.27383479351681916,
          0.9700089556915236
        ],
        [
          -0.5965594719434676,
          0.27596815202788877,
          0.7536301317628187,
          -2.9116953911038235
        ],
        [
          0.7967186051555037,
          0.0904617811029101,
          0.5975417394280987,
          -1.4849884070529327
        ],
        [
          0.0,
          0.0,
          0.0,
          1.0
        ]
      ],
      "model": "SIMPLE_RADIAL",
      "w": 768.0,
      "h": 1024.0,
      "fl_x": 794.158259032647,
      "fl_y": 794.158259032647,
      "cx": 384.0,
      "cy": 512.0,
      "k1": 0.0,
      "k2": 0.0,
      "p1": 0.0,
      "p2": 0.0,
      "camera_angle_x": 0.9007713561225393,
      "camera_angle_y": 1.1452916930828787
    },
    {
      "file_path": "./images/IMG_2593_noback.png",
      "transform_matrix": [
        [
          -0.43897874764282446,
          0.8270708404364984,
          -0.3510719071893987,
          1.2587139620395629
        ],
        [
          -0.3811075962812095,
          0.18244616404566785,
          0.9063500412543599,
          -2.691728176186281
        ],
        [
          0.813667413120801,
          0.5316645767066727,
          0.23511299134802882,
          0.1055345032957521
        ],
        [
          0.0,
          0.0,
          0.0,
          1.0
        ]
      ],
      "model": "SIMPLE_RADIAL",
      "w": 768.0,
      "h": 1024.0,
      "fl_x": 652.5336730765991,
      "fl_y": 652.5336730765991,
      "cx": 384.0,
      "cy": 512.0,
      "k1": 0.0,
      "k2": 0.0,
      "p1": 0.0,
      "p2": 0.0,
      "camera_angle_x": 1.0638048285892514,
      "camera_angle_y": 1.330601698530256
    },
    {
      "file_path": "./images/IMG_2594_noback.png",
      "transform_matrix": [
        [
          -0.251146241300029,
          0.7810456944198213,
          -0.5717457378145693,
          2.229617849379034
        ],
        [
          -0.5831679064980237,
          0.34934746176002107,
          0.7333972619205381,
          -2.3841466322455633
        ],
        [
          0.7725546959999526,
          0.5176137306815667,
          0.367743480565368,
          -0.47798445637792164
        ],
        [
          0.0,
          0.0,
          0.0,
          1.0
        ]
      ],
      "model": "SIMPLE_RADIAL",
      "w": 768.0,
      "h": 1024.0,
      "fl_x": 733.2790115206725,
      "fl_y": 733.2790115206725,
      "cx": 384.0,
      "cy": 512.0,
      "k1": 0.0,
      "k2": 0.0,
      "p1": 0.0,
      "p2": 0.0,
      "camera_angle_x": 0.9648157006231608,
      "camera_angle_y": 1.219078873250308
    },
    {
      "file_path": "./images/IMG_2595_noback.png",
      "transform_matrix": [
        [
          -0.32019330815260527,
          0.8991735910224634,
          -0.29826682454147974,
          0.8859045690998733
        ],
        [
          -0.5499865466322157,
          0.07991722716599114,
          0.8313411064813699,
          -3.073258520039101
        ],
        [
          0.771356625652402,
          0.4302325998920428,
          0.46894441680467136,
          -1.0285471663550432
        ],
        [
          0.0,
          0.0,
          0.0,
          1.0
        ]
      ],
      "model": "SIMPLE_RADIAL",
      "w": 768.0,
      "h": 1024.0,
      "fl_x": 800.9034076472781,
      "fl_y": 800.9034076472781,
      "cx": 384.0,
      "cy": 512.0,
      "k1": 0.0,
      "k2": 0.0,
      "p1": 0.0,
      "p2": 0.0,
      "camera_angle_x": 0.8941596715078763,
      "camera_angle_y": 1.13760176879702
    },
    {
      "file_path": "./images/IMG_2597_noback.png",
      "transform_matrix": [
        [
          -0.5853185885448717,
          0.7509633507804268,
          0.3057060609285871,
          -1.3647137450300424
        ],
        [
          0.16003283571956184,
          -0.2626224519352128,
          0.9515350436169403,
          -3.6603045740754396
        ],
        [
          0.7948532200320982,
          0.6058741565079093,
          0.03353900834005634,
          0.7110858999296036
        ],
        [
          0.0,
          0.0,
          0.0,
          1.0
        ]
      ],
      "model": "SIMPLE_RADIAL",
      "w": 768.0,
      "h": 1024.0,
      "fl_x": 838.266276143011,
      "fl_y": 838.266276143011,
      "cx": 384.0,
      "cy": 512.0,
      "k1": 0.0,
      "k2": 0.0,
      "p1": 0.0,
      "p2": 0.0,
      "camera_angle_x": 0.8591195825620846,
      "camera_angle_y": 1.096623047290124
    },
    {
      "file_path": "./images/IMG_2599_noback.png",
      "transform_matrix": [
        [
          -0.9832232620317171,
          0.17790084442143098,
          0.040290278651934464,
          -0.007083253008662281
        ],
        [
          -0.04535297742062445,
          -0.45237352222864907,
          0.890674634097957,
          -3.208914872829097
        ],
        [
          0.17667802477612501,
          0.8739047350487279,
          0.45285250316258546,
          -0.8458975806579696
        ],
        [
          0.0,
          0.0,
          0.0,
          1.0
        ]
      ],
      "model": "SIMPLE_RADIAL",
      "w": 768.0,
      "h": 1024.0,
      "fl_x": 800.4431617376295,
      "fl_y": 800.4431617376295,
      "cx": 384.0,
      "cy": 512.0,
      "k1": 0.0,
      "k2": 0.0,
      "p1": 0.0,
      "p2": 0.0,
      "camera_angle_x": 0.8946079324667624,
      "camera_angle_y": 1.1381235585456686
    },
    {
      "file_path": "./images/IMG_2600_noback.png",
      "transform_matrix": [
        [
          -0.6714022701717622,
          0.7407858381136208,
          0.021338548650361073,
          -0.2467471619079137
        ],
        [
          -0.4923261717140028,
          -0.46736534990679396,
          0.7342918836211757,
          -2.312080041975986
        ],
        [
          0.5539259266848211,
          0.48249971166499167,
          0.6784984126654696,
          -1.6581466856052172
        ],
        [
          0.0,
          0.0,
          0.0,
          1.0
        ]
      ],
      "model": "SIMPLE_RADIAL",
      "w": 768.0,
      "h": 1024.0,
      "fl_x": 799.5207522780614,
      "fl_y": 799.5207522780614,
      "cx": 384.0,
      "cy": 512.0,
      "k1": 0.0,
      "k2": 0.0,
      "p1": 0.0,
      "p2": 0.0,
      "camera_angle_x": 0.8955075847395366,
      "camera_angle_y": 1.1391705949936783
    },
    {
      "file_path": "./images/IMG_2601_noback.png",
      "transform_matrix": [
        [
          -0.6804530366442914,
          0.35477160563368954,
          0.6411870029544073,
          -2.4236121424799664
        ],
        [
          0.34397314520447186,
          -0.6179691203760274,
          0.706962970487013,
          -2.0471576359552834
        ],
        [
          0.6470441563755172,
          0.7016062101334137,
          0.2984670594932097,
          -0.42304862161343815
        ],
        [
          0.0,
          0.0,
          0.0,
          1.0
        ]
      ],
      "model": "SIMPLE_RADIAL",
      "w": 768.0,
      "h": 1024.0,
      "fl_x": 798.0415537850378,
      "fl_y": 798.0415537850378,
      "cx": 384.0,
      "cy": 512.0,
      "k1": 0.0,
      "k2": 0.0,
      "p1": 0.0,
      "p2": 0.0,
      "camera_angle_x": 0.8969538157188187,
      "camera_angle_y": 1.140853229604942
    },
    {
      "file_path": "./images/IMG_2602_noback.png",
      "transform_matrix": [
        [
          -0.7136128088961092,
          -0.24333798440005636,
          0.6569196178586258,
          -2.2910090026502736
        ],
        [
          0.6850769202453548,
          -0.43834596143232146,
          0.5818268053666087,
          -1.691246210634714
        ],
        [
          0.14637749938615816,
          0.8652395295200581,
          0.4795145297374872,
          -1.2629973099649847
        ],
        [
          0.0,
          0.0,
          0.0,
          1.0
        ]
      ],
      "model": "SIMPLE_RADIAL",
      "w": 768.0,
      "h": 1024.0,
      "fl_x": 815.0622654136068,
      "fl_y": 815.0622654136068,
      "cx": 384.0,
      "cy": 512.0,
      "k1": 0.0,
      "k2": 0.0,
      "p1": 0.0,
      "p2": 0.0,
      "camera_angle_x": 0.880571490096231,
      "camera_angle_y": 1.1217553492400623
    },
    {
      "file_path": "./images/IMG_2605_noback.png",
      "transform_matrix": [
        [
          0.3723046316806202,
          0.8871455046521332,
          -0.27269417816423913,
          1.161221146972567
        ],
        [
          -0.8822220796484108,
          0.4295211345121683,
          0.1928621196300948,
          -0.4916962643201964
        ],
        [
          0.2882246752274878,
          0.16877336455404313,
          0.9425720598485388,
          -2.7316548323214023
        ],
        [
          0.0,
          0.0,
          0.0,
          1.0
        ]
      ],
      "model": "SIMPLE_RADIAL",
      "w": 768.0,
      "h": 1024.0,
      "fl_x": 804.5835768249458,
      "fl_y": 804.5835768249458,
      "cx": 384.0,
      "cy": 512.0,
      "k1": 0.0,
      "k2": 0.0,
      "p1": 0.0,
      "p2": 0.0,
      "camera_angle_x": 0.8905903491650826,
      "camera_angle_y": 1.1334447572431268
    },
    {
      "file_path": "./images/IMG_2607_noback.png",
      "transform_matrix": [
        [
          0.21528766114932923,
          0.9616266461091095,
          -0.17007473783545005,
          0.49699415276526165
        ],
        [
          -0.9392103973185209,
          0.2515904655432299,
          0.23363661360439067,
          -0.7891448503484798
        ],
        [
          0.2674603756178438,
          0.10943688199453741,
          0.9573340672584862,
          -3.10889526249377
        ],
        [
          0.0,
          0.0,
          0.0,
          1.0
        ]
      ],
      "model": "SIMPLE_RADIAL",
      "w": 768.0,
      "h": 1024.0,
      "fl_x": 844.7628920742318,
      "fl_y": 844.7628920742318,
      "cx": 384.0,
      "cy": 512.0,
      "k1": 0.0,
      "k2": 0.0,
      "p1": 0.0,
      "p2": 0.0,
      "camera_angle_x": 0.8532880817131192,
      "camera_angle_y": 1.0897667718008184
    },
    {
      "file_path": "./images/IMG_2608_noback.png",
      "transform_matrix": [
        [
          0.8394559341922443,
          0.4831422888066439,
          0.2487715082482399,
          -0.8025800276915362
        ],
        [
          -0.47584528846424284,
          0.8746094818429031,
          -0.09289518672606183,
          0.3559508382183339
        ],
        [
          -0.26245951306022064,
          -0.04039533434897927,
          0.964097101420301,
          -2.685716031948649
        ],
        [
          0.0,
          0.0,
          0.0,
          1.0
        ]
      ],
      "model": "SIMPLE_RADIAL",
      "w": 768.0,
      "h": 1024.0,
      "fl_x": 822.5405559970685,
      "fl_y": 822.5405559970685,
      "cx": 384.0,
      "cy": 512.0,
      "k1": 0.0,
      "k2": 0.0,
      "p1": 0.0,
      "p2": 0.0,
      "camera_angle_x": 0.8735492872866143,
      "camera_angle_y": 1.1135438892195477
    },
    {
      "file_path": "./images/IMG_2609_noback.png",
      "transform_matrix": [
        [
          0.9030135800323766,
          0.1824861939332704,
          0.3889283524003607,
          -1.4457112528065224
        ],
        [
          -0.1628849546662989,
          0.9831388650375599,
          -0.08310513579807481,
          0.33840104436645974
        ],
        [
          -0.3975361188879171,
          0.011694489146925299,
          0.9175120016125807,
          -2.3722132439659953
        ],
        [
          0.0,
          0.0,
          0.0,
          1.0
        ]
      ],
      "model": "SIMPLE_RADIAL",
      "w": 768.0,
      "h": 1024.0,
      "fl_x": 747.6426638846755,
      "fl_y": 747.6426638846755,
      "cx": 384.0,
      "cy": 512.0,
      "k1": 0.0,
      "k2": 0.0,
      "p1": 0.0,
      "p2": 0.0,
      "camera_angle_x": 0.9489593470280097,
      "camera_angle_y": 1.200929273140791
    },
    {
      "file_path": "./images/IMG_2610_noback.png",
      "transform_matrix": [
        [
          0.8167842194982553,
          -0.018582947228229868,
          0.5766439220619072,
          -2.096002374395605
        ],
        [
          0.05629223119773309,
          0.9972791785576267,
          -0.047596478044141036,
          0.29804769532411374
        ],
        [
          -0.574190494074403,
          0.07133662514962603,
          0.8156079710417589,
          -1.9358779221967475
        ],
        [
          0.0,
          0.0,
          0.0,
          1.0
        ]
      ],
      "model": "SIMPLE_RADIAL",
      "w": 768.0,
      "h": 1024.0,
      "fl_x": 704.4501740807227,
      "fl_y": 704.4501740807227,
      "cx": 384.0,
      "cy": 512.0,
      "k1": 0.0,
      "k2": 0.0,
      "p1": 0.0,
      "p2": 0.0,
      "camera_angle_x": 0.9981560799187141,
      "camera_angle_y": 1.2569844838220317
    },
    {
      "file_path": "./images/IMG_2611_noback.png",
      "transform_matrix": [
        [
          0.679583466264408,
          0.028839375938291646,
          0.7330311062809968,
          -2.8767337134809434
        ],
        [
          -0.08441611113651273,
          0.9956635815788788,
          0.03908903296459799,
          -0.2089920544224351
        ],
        [
          -0.7287250733717345,
          -0.08844389584934273,
          0.6790710159669241,
          -1.4943747983743894
        ],
        [
          0.0,
          0.0,
          0.0,
          1.0
        ]
      ],
      "model": "SIMPLE_RADIAL",
      "w": 768.0,
      "h": 1024.0,
      "fl_x": 795.4888476198529,
      "fl_y": 795.4888476198529,
      "cx": 384.0,
      "cy": 512.0,
      "k1": 0.0,
      "k2": 0.0,
      "p1": 0.0,
      "p2": 0.0,
      "camera_angle_x": 0.8994598932910814,
      "camera_angle_y": 1.143767427860496
    },
    {
      "file_path": "./images/IMG_2612_noback.png",
      "transform_matrix": [
        [
          0.9972848153708576,
          -0.0015295208628172854,
          0.0736251152572623,
          -0.25864748459274706
        ],
        [
          0.001559616730221514,
          0.999998722097504,
          -0.0003512819575104777,
          0.1977561526937087
        ],
        [
          -0.073624483878461,
          0.0004651551236586636,
          0.9972859264044296,
          -2.700365570932621
        ],
        [
          0.0,
          0.0,
          0.0,
          1.0
        ]
      ],
      "model": "SIMPLE_RADIAL",
      "w": 768.0,
      "h": 1024.0,
      "fl_x": 811.2099488437929,
      "fl_y": 811.2099488437929,
      "cx": 384.0,
      "cy": 512.0,
      "k1": 0.0,
      "k2": 0.0,
      "p1": 0.0,
      "p2": 0.0,
      "camera_angle_x": 0.8842301840076665,
      "camera_angle_y": 1.126027671729591
    },
    {
      "file_path": "./images/IMG_2613_noback.png",
      "transform_matrix": [
        [
          0.2676699284482907,
          -0.3899652020681705,
          0.8810675062561427,
          -3.0334427158337522
        ],
        [
          0.12748974808684366,
          0.9207289559179014,
          0.3687879524429785,
          -1.2649632063661245
        ],
        [
          -0.9550388335231401,
          0.013613629577095417,
          0.2961680191251202,
          0.07206752414250803
        ],
        [
          0.0,
          0.0,
          0.0,
          1.0
        ]
      ],
      "model": "SIMPLE_RADIAL",
      "w": 768.0,
      "h": 1024.0,
      "fl_x": 779.979286451805,
      "fl_y": 779.979286451805,
      "cx": 384.0,
      "cy": 512.0,
      "k1": 0.0,
      "k2": 0.0,
      "p1": 0.0,
      "p2": 0.0,
      "camera_angle_x": 0.9149707425854304,
      "camera_angle_y": 1.1617610867727999
    },
    {
      "file_path": "./images/IMG_2614_noback.png",
      "transform_matrix": [
        [
          0.09719024505205114,
          -0.6688463346864127,
          0.7370201061323045,
          -2.286243511235554
        ],
        [
          0.3252039366727554,
          0.7212203894528585,
          0.6116236991893054,
          -1.8885289425333955
        ],
        [
          -0.9406361973894395,
          0.18023798271734676,
          0.2876070474566238,
          0.051806075298623896
        ],
        [
          0.0,
          0.0,
          0.0,
          1.0
        ]
      ],
      "model": "SIMPLE_RADIAL",
      "w": 768.0,
      "h": 1024.0,
      "fl_x": 682.0454972951911,
      "fl_y": 682.0454972951911,
      "cx": 384.0,
      "cy": 512.0,
      "k1": 0.0,
      "k2": 0.0,
      "p1": 0.0,
      "p2": 0.0,
      "camera_angle_x": 1.0255570721847898,
      "camera_angle_y": 1.2878762459467668
    },
    {
      "file_path": "./images/IMG_2615_noback.png",
      "transform_matrix": [
        [
          0.5654871407021291,
          -0.7243571383065996,
          0.39437422568520386,
          -1.065533283516974
        ],
        [
          0.5946967098684781,
          0.6894246042053211,
          0.4135571766853326,
          -1.4513072003563812
        ],
        [
          -0.571454387481746,
          0.0006717891112853982,
          0.820633555082445,
          -1.8499387855915408
        ],
        [
          0.0,
          0.0,
          0.0,
          1.0
        ]
      ],
      "model": "SIMPLE_RADIAL",
      "w": 768.0,
      "h": 1024.0,
      "fl_x": 739.3919636905995,
      "fl_y": 739.3919636905995,
      "cx": 384.0,
      "cy": 512.0,
      "k1": 0.0,
      "k2": 0.0,
      "p1": 0.0,
      "p2": 0.0,
      "camera_angle_x": 0.9580081601305577,
      "camera_angle_y": 1.211296404128157
    }
  ],
  "camera_angle_x": 0.8776398881565581,
  "camera_angle_y": 1.1183290995462805,
  "fl_x": 818.1706666942977,
  "fl_y": 818.1706666942977,
  "cx": 384.0,
  "cy": 512.0,
  "w": 768.0,
  "h": 1024.0,
  "k1": 0.0,
  "k2": 0.0,
  "p1": 0.0,
  "p2": 0.0,
  "is_fisheye": false
}
